node_num = 160
Coverage_quality = 0.7111335765775185

node_num = 250
Coverage_quality = 0.8156903797282793